# Wavelength (nm)	 Absorption (cm-1)
3.999630000000000223e+02 2.050782810583926330e+05
4.099420000000000073e+02 2.054903670578747115e+05
4.200720000000000027e+02 2.047089663620443898e+05
4.300489999999999782e+02 2.055821451565123862e+05
4.400260000000000105e+02 2.051969727061066369e+05
4.500009999999999764e+02 2.054885578397047939e+05
4.599759999999999991e+02 2.052822818511269288e+05
4.699490000000000123e+02 2.046124203384268621e+05
4.800720000000000027e+02 2.034840905642751313e+05
4.900430000000000064e+02 2.021989154268765124e+05
5.000129999999999768e+02 2.009423787002514000e+05
5.099820000000000277e+02 2.001843584192836424e+05
5.199489999999999554e+02 1.984688895888271800e+05
5.300660000000000309e+02 1.883342263254098361e+05
5.400309999999999491e+02 1.669216154496478266e+05
5.499950000000000045e+02 1.551158740557244746e+05
5.599569999999999936e+02 1.482474525784688303e+05
5.700689999999999600e+02 1.392141933563216007e+05
5.800289999999999964e+02 1.317113740609142405e+05
5.899869999999999663e+02 1.249986930353504576e+05
5.999439999999999600e+02 1.184500396441721532e+05
6.100510000000000446e+02 1.113864533860603551e+05
6.200049999999999955e+02 1.038995434581923328e+05
6.299569999999999936e+02 9.875597692754838499e+04
6.400589999999999691e+02 9.313888611175966798e+04
6.500090000000000146e+02 8.704966298150749935e+04
6.599569999999999936e+02 8.443277274084206147e+04
6.700539999999999736e+02 8.013791078833054053e+04
6.799990000000000236e+02 7.592303700513209333e+04
6.899420000000000073e+02 7.222497283161670202e+04
7.000339999999999918e+02 6.955002247784704377e+04
7.099750000000000227e+02 6.716026853373604536e+04
7.200629999999999882e+02 6.378028521431055560e+04
7.300000000000000000e+02 6.147351763815658342e+04
7.399349999999999454e+02 6.054932685643225705e+04
7.500180000000000291e+02 5.923106420360348420e+04
7.599679999999999609e+02 5.612772940861431562e+04
7.700639999999999645e+02 5.387139963986245129e+04
7.800069999999999482e+02 4.331210381853301078e+04
7.899479999999999791e+02 2.701957421221492041e+04
8.000359999999999445e+02 1.448492956142330149e+04
8.099740000000000464e+02 6.909402505007422405e+03
8.200599999999999454e+02 2.124705632668347334e+03
8.299930000000000518e+02 1.196601463450730307e+03
8.400739999999999554e+02 4.695811296131003019e+02
8.500040000000000191e+02 1.549450290964987005e+02
8.599310000000000400e+02 5.154732853945897375e+01
8.700069999999999482e+02 2.619514215258009671e+01
8.799299999999999500e+02 1.264802250602983058e+01
8.900019999999999527e+02 1.107275813375308715e+01
9.000700000000000500e+02 9.262274489611662887e+00
9.099869999999999663e+02 1.074185975951189675e+01
9.200529999999999973e+02 9.122697026421445088e+00
9.299650000000000318e+02 1.182470863958034890e+01
9.400249999999999773e+02 1.067907898509680287e+01
9.499329999999999927e+02 9.589959540661803672e+00
9.599900000000000091e+02 1.048833899601360820e+01
9.700439999999999827e+02 9.629953126986741552e+00
9.799429999999999836e+02 8.504041877154644880e+00
9.899930000000000518e+02 8.280378915680925545e+00
1.000039999999999964e+03 1.042094697792183133e+01
1.009933999999999969e+03 9.244772958799478246e+00
1.019975000000000023e+03 1.026426581067067190e+01
1.030013999999999896e+03 1.149108468392595306e+01
1.040049999999999955e+03 1.179196320405281107e+01
1.049933999999999969e+03 1.481636452600735510e+01
1.059965999999999894e+03 1.243595769092662806e+01
1.069996000000000095e+03 9.707338788289940013e+00
1.080020999999999958e+03 2.952221054377625009e+01
1.090046000000000049e+03 1.909359718007556594e+01
1.100066000000000031e+03 7.428188310677005468e+00
1.109934999999999945e+03 8.901041666908648509e+00
1.119951000000000022e+03 1.204291466037456502e+02
1.129964999999999918e+03 9.448633216469797702e+00
1.139973999999999933e+03 7.036441098975417674e+01
1.149981999999999971e+03 7.747318143183254335e+01
1.159986000000000104e+03 3.651270282197204153e+01
1.169989000000000033e+03 7.096979246171800071e+01
1.179989000000000033e+03 2.949650032978964731e+01
1.189983999999999924e+03 4.742058808010492754e+01
1.199978000000000065e+03 9.381018935833014893e+01
1.209967000000000098e+03 1.791403082208150295e+02
1.219954999999999927e+03 5.993046599769116511e+01
1.229940000000000055e+03 2.508127610530755476e+02
1.240070999999999913e+03 2.187320895823594640e+02
1.250048000000000002e+03 1.545135584789974246e+02
1.260023999999999887e+03 1.040271109234434022e+02
1.269997000000000071e+03 1.184756241475290039e+02
1.279964999999999918e+03 2.419993552902223044e+01
1.289932000000000016e+03 1.676962132844415123e+02
1.300042999999999893e+03 1.610798953587714948e+02
1.310003999999999905e+03 1.354936905197676538e+02
1.319959000000000060e+03 2.794560726888918367e+01
1.330060999999999922e+03 2.133836180825038582e+02
1.340011999999999944e+03 6.051413883290511109e+01
1.349958000000000084e+03 2.116317144639909031e+01
1.360050999999999931e+03 1.007912142271890445e+02
1.369990000000000009e+03 8.959260393295998881e+00
1.380075000000000045e+03 6.372797189555497255e+01
1.390009000000000015e+03 1.305203094447964673e+01
1.399940000000000055e+03 5.816205824006721770e+01
1.410013999999999896e+03 2.556822160866389382e+01
1.419936999999999898e+03 1.658432587815669734e+01
1.430006000000000085e+03 5.026691264629210565e+01
1.440068999999999960e+03 1.859978110203736534e+01
1.449980999999999995e+03 1.326287792165025436e+01
1.460039999999999964e+03 1.664337434427265805e+01
1.469943999999999960e+03 2.807445850061413140e+01
1.479993999999999915e+03 2.907169588777104607e+01
1.490040999999999940e+03 3.878394913431902324e+01
1.499934999999999945e+03 3.460803319075607476e+01
